Temperature (K)	Pressure (MPa)	Density (mol/l)	Volume (l/mol)	Internal Energy (kJ/mol)	Enthalpy (kJ/mol)	Entropy (J/mol*K)	Cv (J/mol*K)	Cp (J/mol*K)	Sound Spd. (m/s)	Joule-Thomson (K/MPa)	Viscosity (uPa*s)	Therm. Cond. (W/m*K)	Phase
182.55	0.10000	7.7429	0.12915	-41.756	-41.743	-154.55	152.77	199.54	1666.2	-0.51764	3916.8	0.15697	liquid
182.86	0.10000	7.7402	0.12920	-41.693	-41.680	-154.21	152.77	199.54	1664.6	-0.51760	3860.8	0.15689	liquid
183.18	0.10000	7.7375	0.12924	-41.630	-41.618	-153.86	152.78	199.54	1663.1	-0.51756	3806.1	0.15680	liquid
183.49	0.10000	7.7349	0.12928	-41.568	-41.555	-153.52	152.78	199.54	1661.6	-0.51752	3752.7	0.15672	liquid
183.81	0.10000	7.7322	0.12933	-41.505	-41.492	-153.18	152.79	199.54	1660.1	-0.51748	3700.6	0.15663	liquid
184.12	0.10000	7.7295	0.12937	-41.442	-41.430	-152.84	152.79	199.54	1658.6	-0.51743	3649.6	0.15655	liquid
184.43	0.10000	7.7269	0.12942	-41.380	-41.367	-152.50	152.80	199.54	1657.0	-0.51739	3599.9	0.15646	liquid
184.75	0.10000	7.7242	0.12946	-41.317	-41.304	-152.16	152.81	199.54	1655.5	-0.51734	3551.3	0.15637	liquid
185.06	0.10000	7.7216	0.12951	-41.254	-41.241	-151.82	152.81	199.54	1654.0	-0.51729	3503.7	0.15629	liquid
185.38	0.10000	7.7189	0.12955	-41.192	-41.179	-151.48	152.82	199.55	1652.5	-0.51724	3457.3	0.15620	liquid
185.69	0.10000	7.7162	0.12960	-41.129	-41.116	-151.15	152.83	199.55	1651.0	-0.51719	3411.9	0.15612	liquid
186.00	0.10000	7.7136	0.12964	-41.066	-41.053	-150.81	152.84	199.55	1649.5	-0.51714	3367.4	0.15603	liquid
186.32	0.10000	7.7109	0.12969	-41.004	-40.991	-150.47	152.85	199.56	1647.9	-0.51708	3324.0	0.15594	liquid
186.63	0.10000	7.7083	0.12973	-40.941	-40.928	-150.14	152.86	199.56	1646.4	-0.51703	3281.5	0.15586	liquid
186.95	0.10000	7.7056	0.12978	-40.878	-40.865	-149.80	152.87	199.56	1644.9	-0.51697	3239.8	0.15577	liquid
187.26	0.10000	7.7030	0.12982	-40.816	-40.803	-149.46	152.88	199.57	1643.4	-0.51691	3199.1	0.15568	liquid
187.58	0.10000	7.7003	0.12986	-40.753	-40.740	-149.13	152.89	199.58	1641.9	-0.51685	3159.2	0.15560	liquid
187.89	0.10000	7.6977	0.12991	-40.690	-40.677	-148.80	152.90	199.58	1640.4	-0.51678	3120.2	0.15551	liquid
188.20	0.10000	7.6950	0.12995	-40.628	-40.615	-148.46	152.91	199.59	1638.9	-0.51672	3081.9	0.15542	liquid
188.52	0.10000	7.6924	0.13000	-40.565	-40.552	-148.13	152.92	199.59	1637.3	-0.51665	3044.5	0.15533	liquid
188.83	0.10000	7.6897	0.13004	-40.502	-40.489	-147.80	152.94	199.60	1635.8	-0.51659	3007.8	0.15525	liquid
189.15	0.10000	7.6871	0.13009	-40.440	-40.427	-147.47	152.95	199.61	1634.3	-0.51652	2971.8	0.15516	liquid
189.46	0.10000	7.6844	0.13013	-40.377	-40.364	-147.14	152.96	199.62	1632.8	-0.51645	2936.5	0.15507	liquid
189.77	0.10000	7.6818	0.13018	-40.314	-40.301	-146.80	152.98	199.63	1631.3	-0.51637	2902.0	0.15498	liquid
190.09	0.10000	7.6791	0.13022	-40.252	-40.239	-146.47	152.99	199.64	1629.8	-0.51630	2868.1	0.15490	liquid
190.40	0.10000	7.6765	0.13027	-40.189	-40.176	-146.14	153.01	199.65	1628.3	-0.51622	2834.9	0.15481	liquid
190.72	0.10000	7.6738	0.13031	-40.126	-40.113	-145.82	153.02	199.66	1626.7	-0.51615	2802.3	0.15472	liquid
191.03	0.10000	7.6712	0.13036	-40.063	-40.050	-145.49	153.04	199.67	1625.2	-0.51607	2770.3	0.15463	liquid
191.34	0.10000	7.6685	0.13040	-40.001	-39.988	-145.16	153.05	199.68	1623.7	-0.51599	2739.0	0.15455	liquid
191.66	0.10000	7.6659	0.13045	-39.938	-39.925	-144.83	153.07	199.69	1622.2	-0.51591	2708.2	0.15446	liquid
191.97	0.10000	7.6633	0.13049	-39.875	-39.862	-144.50	153.08	199.70	1620.7	-0.51582	2678.0	0.15437	liquid
192.29	0.10000	7.6606	0.13054	-39.813	-39.800	-144.18	153.10	199.71	1619.2	-0.51574	2648.4	0.15428	liquid
192.60	0.10000	7.6580	0.13058	-39.750	-39.737	-143.85	153.12	199.73	1617.7	-0.51565	2619.3	0.15419	liquid
192.91	0.10000	7.6553	0.13063	-39.687	-39.674	-143.53	153.14	199.74	1616.2	-0.51556	2590.7	0.15410	liquid
193.23	0.10000	7.6527	0.13067	-39.624	-39.611	-143.20	153.15	199.75	1614.7	-0.51547	2562.7	0.15401	liquid
193.54	0.10000	7.6501	0.13072	-39.562	-39.549	-142.88	153.17	199.77	1613.2	-0.51538	2535.2	0.15393	liquid
193.86	0.10000	7.6474	0.13076	-39.499	-39.486	-142.55	153.19	199.78	1611.6	-0.51529	2508.1	0.15384	liquid
194.17	0.10000	7.6448	0.13081	-39.436	-39.423	-142.23	153.21	199.80	1610.1	-0.51520	2481.5	0.15375	liquid
194.49	0.10000	7.6422	0.13085	-39.373	-39.360	-141.91	153.23	199.81	1608.6	-0.51510	2455.4	0.15366	liquid
194.80	0.10000	7.6395	0.13090	-39.311	-39.298	-141.58	153.25	199.83	1607.1	-0.51500	2429.8	0.15357	liquid
195.11	0.10000	7.6369	0.13094	-39.248	-39.235	-141.26	153.27	199.84	1605.6	-0.51490	2404.6	0.15348	liquid
195.43	0.10000	7.6343	0.13099	-39.185	-39.172	-140.94	153.29	199.86	1604.1	-0.51480	2379.8	0.15339	liquid
195.74	0.10000	7.6316	0.13103	-39.122	-39.109	-140.62	153.31	199.88	1602.6	-0.51470	2355.5	0.15330	liquid
196.06	0.10000	7.6290	0.13108	-39.060	-39.047	-140.30	153.34	199.90	1601.1	-0.51460	2331.5	0.15321	liquid
196.37	0.10000	7.6264	0.13112	-38.997	-38.984	-139.98	153.36	199.91	1599.6	-0.51449	2308.0	0.15312	liquid
196.68	0.10000	7.6237	0.13117	-38.934	-38.921	-139.66	153.38	199.93	1598.1	-0.51438	2284.8	0.15303	liquid
197.00	0.10000	7.6211	0.13121	-38.871	-38.858	-139.34	153.40	199.95	1596.6	-0.51427	2262.1	0.15294	liquid
197.31	0.10000	7.6185	0.13126	-38.808	-38.795	-139.02	153.43	199.97	1595.1	-0.51416	2239.7	0.15285	liquid
197.63	0.10000	7.6159	0.13130	-38.746	-38.733	-138.70	153.45	199.99	1593.6	-0.51405	2217.7	0.15276	liquid
197.94	0.10000	7.6132	0.13135	-38.683	-38.670	-138.39	153.48	200.01	1592.1	-0.51394	2196.0	0.15267	liquid
198.25	0.10000	7.6106	0.13140	-38.620	-38.607	-138.07	153.50	200.03	1590.6	-0.51382	2174.7	0.15258	liquid
198.57	0.10000	7.6080	0.13144	-38.557	-38.544	-137.75	153.53	200.05	1589.0	-0.51371	2153.7	0.15249	liquid
198.88	0.10000	7.6054	0.13149	-38.494	-38.481	-137.44	153.55	200.08	1587.5	-0.51359	2133.1	0.15240	liquid
199.20	0.10000	7.6027	0.13153	-38.432	-38.418	-137.12	153.58	200.10	1586.0	-0.51347	2112.8	0.15231	liquid
199.51	0.10000	7.6001	0.13158	-38.369	-38.356	-136.81	153.60	200.12	1584.5	-0.51335	2092.8	0.15222	liquid
199.82	0.10000	7.5975	0.13162	-38.306	-38.293	-136.49	153.63	200.14	1583.0	-0.51323	2073.1	0.15213	liquid
200.14	0.10000	7.5949	0.13167	-38.243	-38.230	-136.18	153.66	200.17	1581.5	-0.51310	2053.7	0.15204	liquid
200.45	0.10000	7.5922	0.13171	-38.180	-38.167	-135.86	153.69	200.19	1580.0	-0.51298	2034.7	0.15195	liquid
200.77	0.10000	7.5896	0.13176	-38.117	-38.104	-135.55	153.71	200.22	1578.5	-0.51285	2015.9	0.15186	liquid
201.08	0.10000	7.5870	0.13180	-38.054	-38.041	-135.24	153.74	200.24	1577.0	-0.51272	1997.4	0.15177	liquid
201.40	0.10000	7.5844	0.13185	-37.991	-37.978	-134.92	153.77	200.27	1575.5	-0.51259	1979.2	0.15168	liquid
201.71	0.10000	7.5818	0.13190	-37.929	-37.915	-134.61	153.80	200.29	1574.0	-0.51246	1961.2	0.15158	liquid
202.02	0.10000	7.5791	0.13194	-37.866	-37.852	-134.30	153.83	200.32	1572.5	-0.51232	1943.6	0.15149	liquid
202.34	0.10000	7.5765	0.13199	-37.803	-37.790	-133.99	153.86	200.35	1571.0	-0.51219	1926.1	0.15140	liquid
202.65	0.10000	7.5739	0.13203	-37.740	-37.727	-133.68	153.89	200.37	1569.5	-0.51205	1909.0	0.15131	liquid
202.97	0.10000	7.5713	0.13208	-37.677	-37.664	-133.37	153.92	200.40	1568.0	-0.51191	1892.1	0.15122	liquid
203.28	0.10000	7.5687	0.13212	-37.614	-37.601	-133.06	153.95	200.43	1566.5	-0.51177	1875.4	0.15113	liquid
203.59	0.10000	7.5661	0.13217	-37.551	-37.538	-132.75	153.99	200.46	1565.0	-0.51163	1859.0	0.15104	liquid
203.91	0.10000	7.5634	0.13221	-37.488	-37.475	-132.44	154.02	200.49	1563.5	-0.51149	1842.8	0.15095	liquid
204.22	0.10000	7.5608	0.13226	-37.425	-37.412	-132.13	154.05	200.52	1562.0	-0.51134	1826.9	0.15085	liquid
204.54	0.10000	7.5582	0.13231	-37.362	-37.349	-131.82	154.08	200.55	1560.5	-0.51120	1811.2	0.15076	liquid
204.85	0.10000	7.5556	0.13235	-37.299	-37.286	-131.51	154.12	200.58	1559.0	-0.51105	1795.7	0.15067	liquid
205.16	0.10000	7.5530	0.13240	-37.236	-37.223	-131.21	154.15	200.61	1557.5	-0.51090	1780.4	0.15058	liquid
205.48	0.10000	7.5504	0.13244	-37.173	-37.160	-130.90	154.18	200.64	1556.0	-0.51075	1765.3	0.15049	liquid
205.79	0.10000	7.5478	0.13249	-37.110	-37.097	-130.59	154.22	200.67	1554.5	-0.51059	1750.4	0.15039	liquid
206.11	0.10000	7.5452	0.13254	-37.047	-37.034	-130.29	154.25	200.70	1553.0	-0.51044	1735.8	0.15030	liquid
206.42	0.10000	7.5426	0.13258	-36.984	-36.971	-129.98	154.29	200.74	1551.5	-0.51028	1721.3	0.15021	liquid
206.73	0.10000	7.5399	0.13263	-36.921	-36.908	-129.68	154.33	200.77	1550.0	-0.51013	1707.1	0.15012	liquid
207.05	0.10000	7.5373	0.13267	-36.858	-36.845	-129.37	154.36	200.80	1548.6	-0.50997	1693.0	0.15003	liquid
207.36	0.10000	7.5347	0.13272	-36.795	-36.782	-129.07	154.40	200.84	1547.1	-0.50981	1679.2	0.14993	liquid
207.68	0.10000	7.5321	0.13276	-36.732	-36.718	-128.76	154.44	200.87	1545.6	-0.50965	1665.5	0.14984	liquid
207.99	0.10000	7.5295	0.13281	-36.669	-36.655	-128.46	154.47	200.90	1544.1	-0.50948	1652.0	0.14975	liquid
208.30	0.10000	7.5269	0.13286	-36.606	-36.592	-128.16	154.51	200.94	1542.6	-0.50932	1638.7	0.14966	liquid
208.62	0.10000	7.5243	0.13290	-36.542	-36.529	-127.85	154.55	200.98	1541.1	-0.50915	1625.5	0.14956	liquid
208.93	0.10000	7.5217	0.13295	-36.479	-36.466	-127.55	154.59	201.01	1539.6	-0.50898	1612.5	0.14947	liquid
209.25	0.10000	7.5191	0.13299	-36.416	-36.403	-127.25	154.63	201.05	1538.1	-0.50882	1599.7	0.14938	liquid
209.56	0.10000	7.5165	0.13304	-36.353	-36.340	-126.95	154.67	201.09	1536.6	-0.50864	1587.1	0.14928	liquid
209.88	0.10000	7.5139	0.13309	-36.290	-36.277	-126.65	154.71	201.12	1535.1	-0.50847	1574.6	0.14919	liquid
210.19	0.10000	7.5113	0.13313	-36.227	-36.213	-126.35	154.75	201.16	1533.6	-0.50830	1562.3	0.14910	liquid
210.50	0.10000	7.5087	0.13318	-36.163	-36.150	-126.05	154.79	201.20	1532.1	-0.50812	1550.2	0.14901	liquid
210.82	0.10000	7.5061	0.13323	-36.100	-36.087	-125.75	154.83	201.24	1530.6	-0.50795	1538.2	0.14891	liquid
211.13	0.10000	7.5035	0.13327	-36.037	-36.024	-125.45	154.87	201.28	1529.1	-0.50777	1526.3	0.14882	liquid
211.45	0.10000	7.5009	0.13332	-35.974	-35.961	-125.15	154.91	201.32	1527.6	-0.50759	1514.6	0.14873	liquid
211.76	0.10000	7.4983	0.13336	-35.911	-35.897	-124.85	154.95	201.36	1526.2	-0.50741	1503.1	0.14863	liquid
212.07	0.10000	7.4957	0.13341	-35.847	-35.834	-124.55	154.99	201.40	1524.7	-0.50722	1491.7	0.14854	liquid
212.39	0.10000	7.4931	0.13346	-35.784	-35.771	-124.25	155.04	201.44	1523.2	-0.50704	1480.4	0.14845	liquid
212.70	0.10000	7.4905	0.13350	-35.721	-35.708	-123.95	155.08	201.48	1521.7	-0.50685	1469.3	0.14835	liquid
213.02	0.10000	7.4879	0.13355	-35.658	-35.644	-123.66	155.12	201.52	1520.2	-0.50666	1458.3	0.14826	liquid
213.33	0.10000	7.4853	0.13360	-35.594	-35.581	-123.36	155.17	201.56	1518.7	-0.50648	1447.4	0.14817	liquid
213.64	0.10000	7.4827	0.13364	-35.531	-35.518	-123.06	155.21	201.60	1517.2	-0.50628	1436.7	0.14807	liquid
213.96	0.10000	7.4801	0.13369	-35.468	-35.454	-122.77	155.26	201.65	1515.7	-0.50609	1426.1	0.14798	liquid
214.27	0.10000	7.4775	0.13374	-35.404	-35.391	-122.47	155.30	201.69	1514.2	-0.50590	1415.7	0.14789	liquid
214.59	0.10000	7.4749	0.13378	-35.341	-35.328	-122.18	155.35	201.74	1512.7	-0.50570	1405.3	0.14779	liquid
214.90	0.10000	7.4723	0.13383	-35.278	-35.264	-121.88	155.39	201.78	1511.3	-0.50551	1395.1	0.14770	liquid
215.21	0.10000	7.4697	0.13387	-35.214	-35.201	-121.59	155.44	201.82	1509.8	-0.50531	1385.0	0.14760	liquid
215.53	0.10000	7.4671	0.13392	-35.151	-35.137	-121.29	155.49	201.87	1508.3	-0.50511	1375.0	0.14751	liquid
215.84	0.10000	7.4645	0.13397	-35.087	-35.074	-121.00	155.53	201.91	1506.8	-0.50491	1365.2	0.14742	liquid
216.16	0.10000	7.4619	0.13401	-35.024	-35.011	-120.70	155.58	201.96	1505.3	-0.50471	1355.4	0.14732	liquid
216.47	0.10000	7.4593	0.13406	-34.961	-34.947	-120.41	155.63	202.01	1503.8	-0.50450	1345.8	0.14723	liquid
216.79	0.10000	7.4567	0.13411	-34.897	-34.884	-120.12	155.68	202.05	1502.3	-0.50430	1336.3	0.14713	liquid
217.10	0.10000	7.4541	0.13415	-34.834	-34.820	-119.83	155.73	202.10	1500.9	-0.50409	1326.9	0.14704	liquid
217.41	0.10000	7.4515	0.13420	-34.770	-34.757	-119.53	155.78	202.15	1499.4	-0.50388	1317.6	0.14695	liquid
217.73	0.10000	7.4489	0.13425	-34.707	-34.693	-119.24	155.83	202.20	1497.9	-0.50367	1308.4	0.14685	liquid
218.04	0.10000	7.4463	0.13429	-34.643	-34.630	-118.95	155.88	202.24	1496.4	-0.50346	1299.3	0.14676	liquid
218.36	0.10000	7.4437	0.13434	-34.580	-34.566	-118.66	155.93	202.29	1494.9	-0.50325	1290.3	0.14666	liquid
218.67	0.10000	7.4411	0.13439	-34.516	-34.503	-118.37	155.98	202.34	1493.4	-0.50304	1281.4	0.14657	liquid
218.98	0.10000	7.4385	0.13444	-34.453	-34.439	-118.08	156.03	202.39	1492.0	-0.50282	1272.7	0.14647	liquid
219.30	0.10000	7.4359	0.13448	-34.389	-34.376	-117.79	156.08	202.44	1490.5	-0.50260	1264.0	0.14638	liquid
219.61	0.10000	7.4334	0.13453	-34.325	-34.312	-117.50	156.13	202.49	1489.0	-0.50238	1255.4	0.14628	liquid
219.93	0.10000	7.4308	0.13458	-34.262	-34.248	-117.21	156.18	202.54	1487.5	-0.50216	1246.9	0.14619	liquid
220.24	0.10000	7.4282	0.13462	-34.198	-34.185	-116.92	156.23	202.60	1486.0	-0.50194	1238.5	0.14610	liquid
220.55	0.10000	7.4256	0.13467	-34.135	-34.121	-116.63	156.29	202.65	1484.5	-0.50172	1230.2	0.14600	liquid
220.87	0.10000	7.4230	0.13472	-34.071	-34.057	-116.34	156.34	202.70	1483.1	-0.50150	1222.0	0.14591	liquid
221.18	0.10000	7.4204	0.13476	-34.007	-33.994	-116.05	156.39	202.75	1481.6	-0.50127	1213.8	0.14581	liquid
221.50	0.10000	7.4178	0.13481	-33.944	-33.930	-115.77	156.45	202.80	1480.1	-0.50104	1205.8	0.14572	liquid
221.81	0.10000	7.4152	0.13486	-33.880	-33.866	-115.48	156.50	202.86	1478.6	-0.50082	1197.8	0.14562	liquid
222.12	0.10000	7.4126	0.13490	-33.816	-33.803	-115.19	156.56	202.91	1477.1	-0.50059	1190.0	0.14553	liquid
222.44	0.10000	7.4100	0.13495	-33.752	-33.739	-114.90	156.61	202.97	1475.7	-0.50036	1182.2	0.14543	liquid
222.75	0.10000	7.4074	0.13500	-33.689	-33.675	-114.62	156.67	203.02	1474.2	-0.50012	1174.5	0.14534	liquid
223.07	0.10000	7.4049	0.13505	-33.625	-33.611	-114.33	156.72	203.08	1472.7	-0.49989	1166.9	0.14524	liquid
223.38	0.10000	7.4023	0.13509	-33.561	-33.548	-114.05	156.78	203.13	1471.2	-0.49965	1159.3	0.14515	liquid
223.69	0.10000	7.3997	0.13514	-33.497	-33.484	-113.76	156.83	203.19	1469.7	-0.49942	1151.9	0.14505	liquid
224.01	0.10000	7.3971	0.13519	-33.433	-33.420	-113.48	156.89	203.24	1468.3	-0.49918	1144.5	0.14496	liquid
224.32	0.10000	7.3945	0.13524	-33.370	-33.356	-113.19	156.95	203.30	1466.8	-0.49894	1137.2	0.14486	liquid
224.64	0.10000	7.3919	0.13528	-33.306	-33.292	-112.91	157.01	203.36	1465.3	-0.49870	1129.9	0.14477	liquid
224.95	0.10000	7.3893	0.13533	-33.242	-33.228	-112.62	157.06	203.41	1463.8	-0.49846	1122.8	0.14467	liquid
225.27	0.10000	7.3867	0.13538	-33.178	-33.164	-112.34	157.12	203.47	1462.4	-0.49821	1115.7	0.14458	liquid
225.58	0.10000	7.3842	0.13543	-33.114	-33.101	-112.06	157.18	203.53	1460.9	-0.49797	1108.7	0.14448	liquid
225.89	0.10000	7.3816	0.13547	-33.050	-33.037	-111.77	157.24	203.59	1459.4	-0.49772	1101.8	0.14438	liquid
226.21	0.10000	7.3790	0.13552	-32.986	-32.973	-111.49	157.30	203.65	1457.9	-0.49747	1094.9	0.14429	liquid
226.52	0.10000	7.3764	0.13557	-32.922	-32.909	-111.21	157.36	203.71	1456.5	-0.49722	1088.1	0.14419	liquid
226.84	0.10000	7.3738	0.13562	-32.858	-32.845	-110.92	157.42	203.77	1455.0	-0.49697	1081.4	0.14410	liquid
227.15	0.10000	7.3712	0.13566	-32.794	-32.781	-110.64	157.48	203.83	1453.5	-0.49672	1074.7	0.14400	liquid
227.46	0.10000	7.3686	0.13571	-32.730	-32.717	-110.36	157.54	203.89	1452.0	-0.49647	1068.1	0.14391	liquid
227.78	0.10000	7.3661	0.13576	-32.666	-32.653	-110.08	157.60	203.95	1450.6	-0.49621	1061.6	0.14381	liquid
228.09	0.10000	7.3635	0.13581	-32.602	-32.589	-109.80	157.66	204.01	1449.1	-0.49596	1055.1	0.14372	liquid
228.41	0.10000	7.3609	0.13585	-32.538	-32.524	-109.52	157.72	204.07	1447.6	-0.49570	1048.7	0.14362	liquid
228.72	0.10000	7.3583	0.13590	-32.474	-32.460	-109.24	157.78	204.13	1446.2	-0.49544	1042.4	0.14352	liquid
229.03	0.10000	7.3557	0.13595	-32.410	-32.396	-108.96	157.85	204.19	1444.7	-0.49518	1036.1	0.14343	liquid
229.35	0.10000	7.3531	0.13600	-32.346	-32.332	-108.68	157.91	204.26	1443.2	-0.49492	1029.9	0.14333	liquid
229.66	0.10000	7.3505	0.13604	-32.282	-32.268	-108.40	157.97	204.32	1441.7	-0.49466	1023.7	0.14324	liquid
229.98	0.10000	7.3480	0.13609	-32.217	-32.204	-108.12	158.03	204.38	1440.3	-0.49439	1017.7	0.14314	liquid
230.29	0.10000	7.3454	0.13614	-32.153	-32.140	-107.84	158.10	204.45	1438.8	-0.49413	1011.6	0.14305	liquid
230.60	0.10000	7.3428	0.13619	-32.089	-32.075	-107.56	158.16	204.51	1437.3	-0.49386	1005.6	0.14295	liquid
230.92	0.10000	7.3402	0.13624	-32.025	-32.011	-107.28	158.23	204.58	1435.9	-0.49359	999.72	0.14285	liquid
231.23	0.10000	7.3376	0.13628	-31.960	-31.947	-107.00	158.29	204.64	1434.4	-0.49332	993.85	0.14276	liquid
231.55	0.10000	7.3350	0.13633	-31.896	-31.883	-106.73	158.36	204.71	1432.9	-0.49305	988.04	0.14266	liquid
231.86	0.10000	7.3325	0.13638	-31.832	-31.818	-106.45	158.42	204.77	1431.5	-0.49278	982.29	0.14257	liquid
232.18	0.10000	7.3299	0.13643	-31.768	-31.754	-106.17	158.49	204.84	1430.0	-0.49251	976.59	0.14247	liquid
232.49	0.10000	7.3273	0.13648	-31.703	-31.690	-105.89	158.55	204.90	1428.5	-0.49223	970.94	0.14237	liquid
232.80	0.10000	7.3247	0.13652	-31.639	-31.625	-105.62	158.62	204.97	1427.1	-0.49196	965.35	0.14228	liquid
233.12	0.10000	7.3221	0.13657	-31.574	-31.561	-105.34	158.69	205.04	1425.6	-0.49168	959.81	0.14218	liquid
233.43	0.10000	7.3195	0.13662	-31.510	-31.496	-105.06	158.75	205.10	1424.1	-0.49140	954.32	0.14209	liquid
233.75	0.10000	7.3170	0.13667	-31.446	-31.432	-104.79	158.82	205.17	1422.7	-0.49112	948.88	0.14199	liquid
234.06	0.10000	7.3144	0.13672	-31.381	-31.367	-104.51	158.89	205.24	1421.2	-0.49084	943.49	0.14189	liquid
234.37	0.10000	7.3118	0.13677	-31.317	-31.303	-104.24	158.95	205.31	1419.7	-0.49056	938.15	0.14180	liquid
234.69	0.10000	7.3092	0.13681	-31.252	-31.239	-103.96	159.02	205.38	1418.3	-0.49027	932.86	0.14170	liquid
235.00	0.10000	7.3066	0.13686	-31.188	-31.174	-103.69	159.09	205.45	1416.8	-0.48999	927.62	0.14161	liquid
235.32	0.10000	7.3040	0.13691	-31.123	-31.109	-103.41	159.16	205.52	1415.4	-0.48970	922.42	0.14151	liquid
235.63	0.10000	7.3015	0.13696	-31.059	-31.045	-103.14	159.23	205.59	1413.9	-0.48942	917.28	0.14141	liquid
235.94	0.10000	7.2989	0.13701	-30.994	-30.980	-102.87	159.30	205.66	1412.4	-0.48913	912.17	0.14132	liquid
236.26	0.10000	7.2963	0.13706	-30.929	-30.916	-102.59	159.37	205.73	1411.0	-0.48884	907.12	0.14122	liquid
236.57	0.10000	7.2937	0.13710	-30.865	-30.851	-102.32	159.44	205.80	1409.5	-0.48855	902.11	0.14112	liquid
236.89	0.10000	7.2911	0.13715	-30.800	-30.786	-102.05	159.51	205.87	1408.0	-0.48825	897.14	0.14103	liquid
237.20	0.10000	7.2885	0.13720	-30.735	-30.722	-101.77	159.58	205.94	1406.6	-0.48796	892.22	0.14093	liquid
237.51	0.10000	7.2860	0.13725	-30.671	-30.657	-101.50	159.65	206.01	1405.1	-0.48766	887.34	0.14083	liquid
237.83	0.10000	7.2834	0.13730	-30.606	-30.592	-101.23	159.72	206.09	1403.7	-0.48737	882.50	0.14074	liquid
238.14	0.10000	7.2808	0.13735	-30.541	-30.528	-100.96	159.79	206.16	1402.2	-0.48707	877.71	0.14064	liquid
238.46	0.10000	7.2782	0.13740	-30.477	-30.463	-100.68	159.87	206.23	1400.8	-0.48677	872.96	0.14055	liquid
238.77	0.10000	7.2756	0.13745	-30.412	-30.398	-100.41	159.94	206.31	1399.3	-0.48647	868.25	0.14045	liquid
239.09	0.10000	7.2731	0.13749	-30.347	-30.333	-100.14	160.01	206.38	1397.8	-0.48617	863.58	0.14035	liquid
239.40	0.10000	7.2705	0.13754	-30.282	-30.268	-99.871	160.08	206.45	1396.4	-0.48587	858.95	0.14026	liquid
239.71	0.10000	7.2679	0.13759	-30.217	-30.204	-99.600	160.16	206.53	1394.9	-0.48557	854.36	0.14016	liquid
240.03	0.10000	7.2653	0.13764	-30.152	-30.139	-99.329	160.23	206.60	1393.5	-0.48526	849.81	0.14006	liquid
240.34	0.10000	7.2627	0.13769	-30.088	-30.074	-99.059	160.30	206.68	1392.0	-0.48495	845.30	0.13997	liquid
240.66	0.10000	7.2601	0.13774	-30.023	-30.009	-98.789	160.38	206.75	1390.6	-0.48465	840.83	0.13987	liquid
240.97	0.10000	7.2576	0.13779	-29.958	-29.944	-98.520	160.45	206.83	1389.1	-0.48434	836.40	0.13977	liquid
241.28	0.10000	7.2550	0.13784	-29.893	-29.879	-98.250	160.53	206.91	1387.6	-0.48403	832.00	0.13968	liquid
241.60	0.10000	7.2524	0.13789	-29.828	-29.814	-97.981	160.60	206.98	1386.2	-0.48372	827.64	0.13958	liquid
241.91	0.10000	7.2498	0.13793	-29.763	-29.749	-97.712	160.68	207.06	1384.7	-0.48341	823.32	0.13948	liquid
242.23	0.10000	7.2472	0.13798	-29.698	-29.684	-97.443	160.75	207.14	1383.3	-0.48309	819.03	0.13939	liquid
242.54	0.10000	7.2447	0.13803	-29.633	-29.619	-97.175	160.83	207.22	1381.8	-0.48278	814.78	0.13929	liquid
242.85	0.10000	7.2421	0.13808	-29.568	-29.554	-96.907	160.90	207.29	1380.4	-0.48246	810.57	0.13919	liquid
243.17	0.10000	7.2395	0.13813	-29.502	-29.489	-96.639	160.98	207.37	1378.9	-0.48215	806.39	0.13910	liquid
243.48	0.10000	7.2369	0.13818	-29.437	-29.423	-96.371	161.06	207.45	1377.5	-0.48183	802.24	0.13900	liquid
243.80	0.10000	7.2343	0.13823	-29.372	-29.358	-96.103	161.13	207.53	1376.0	-0.48151	798.13	0.13890	liquid
244.11	0.10000	7.2317	0.13828	-29.307	-29.293	-95.836	161.21	207.61	1374.6	-0.48119	794.05	0.13881	liquid
244.42	0.10000	7.2292	0.13833	-29.242	-29.228	-95.569	161.29	207.69	1373.1	-0.48087	790.01	0.13871	liquid
244.74	0.10000	7.2266	0.13838	-29.176	-29.163	-95.302	161.37	207.77	1371.7	-0.48055	786.00	0.13861	liquid
245.05	0.10000	7.2240	0.13843	-29.111	-29.097	-95.036	161.44	207.85	1370.2	-0.48022	782.02	0.13852	liquid
245.37	0.10000	7.2214	0.13848	-29.046	-29.032	-94.770	161.52	207.93	1368.8	-0.47990	778.07	0.13842	liquid
245.68	0.10000	7.2188	0.13853	-28.981	-28.967	-94.504	161.60	208.01	1367.3	-0.47957	774.16	0.13832	liquid
245.99	0.10000	7.2162	0.13858	-28.915	-28.901	-94.238	161.68	208.09	1365.9	-0.47924	770.28	0.13822	liquid
246.31	0.10000	7.2137	0.13863	-28.850	-28.836	-93.972	161.76	208.17	1364.4	-0.47891	766.42	0.13813	liquid
246.62	0.10000	7.2111	0.13868	-28.784	-28.771	-93.707	161.84	208.25	1363.0	-0.47858	762.60	0.13803	liquid
246.94	0.10000	7.2085	0.13873	-28.719	-28.705	-93.442	161.92	208.33	1361.5	-0.47825	758.81	0.13793	liquid
247.25	0.10000	7.2059	0.13877	-28.654	-28.640	-93.177	162.00	208.42	1360.1	-0.47792	755.05	0.13784	liquid
247.57	0.10000	7.2033	0.13882	-28.588	-28.574	-92.912	162.08	208.50	1358.7	-0.47759	751.32	0.13774	liquid
247.88	0.10000	7.2007	0.13887	-28.523	-28.509	-92.648	162.16	208.58	1357.2	-0.47726	747.62	0.13764	liquid
248.19	0.10000	7.1982	0.13892	-28.457	-28.443	-92.384	162.24	208.67	1355.8	-0.47692	743.95	0.13755	liquid
248.51	0.10000	7.1956	0.13897	-28.392	-28.378	-92.120	162.32	208.75	1354.3	-0.47658	740.30	0.13745	liquid
248.82	0.10000	7.1930	0.13902	-28.326	-28.312	-91.856	162.40	208.83	1352.9	-0.47625	736.69	0.13735	liquid
249.14	0.10000	7.1904	0.13907	-28.260	-28.247	-91.592	162.48	208.92	1351.4	-0.47591	733.10	0.13726	liquid
249.45	0.10000	7.1878	0.13912	-28.195	-28.181	-91.329	162.57	209.00	1350.0	-0.47557	729.54	0.13716	liquid
249.76	0.10000	7.1852	0.13917	-28.129	-28.115	-91.066	162.65	209.09	1348.6	-0.47523	726.01	0.13706	liquid
250.08	0.10000	7.1827	0.13922	-28.063	-28.050	-90.803	162.73	209.17	1347.1	-0.47488	722.51	0.13696	liquid
250.39	0.10000	7.1801	0.13927	-27.998	-27.984	-90.541	162.81	209.26	1345.7	-0.47454	719.03	0.13687	liquid
250.71	0.10000	7.1775	0.13932	-27.932	-27.918	-90.278	162.90	209.34	1344.2	-0.47420	715.58	0.13677	liquid
251.02	0.10000	7.1749	0.13937	-27.866	-27.852	-90.016	162.98	209.43	1342.8	-0.47385	712.16	0.13667	liquid
251.33	0.10000	7.1723	0.13943	-27.800	-27.787	-89.754	163.06	209.52	1341.4	-0.47351	708.76	0.13658	liquid
251.65	0.10000	7.1697	0.13948	-27.735	-27.721	-89.493	163.15	209.60	1339.9	-0.47316	705.39	0.13648	liquid
251.96	0.10000	7.1671	0.13953	-27.669	-27.655	-89.231	163.23	209.69	1338.5	-0.47281	702.04	0.13638	liquid
252.28	0.10000	7.1646	0.13958	-27.603	-27.589	-88.970	163.31	209.78	1337.0	-0.47246	698.72	0.13629	liquid
252.59	0.10000	7.1620	0.13963	-27.537	-27.523	-88.709	163.40	209.86	1335.6	-0.47211	695.43	0.13619	liquid
252.90	0.10000	7.1594	0.13968	-27.471	-27.457	-88.448	163.48	209.95	1334.2	-0.47176	692.15	0.13609	liquid
253.22	0.10000	7.1568	0.13973	-27.405	-27.391	-88.187	163.57	210.04	1332.7	-0.47140	688.91	0.13599	liquid
253.53	0.10000	7.1542	0.13978	-27.339	-27.325	-87.927	163.65	210.13	1331.3	-0.47105	685.69	0.13590	liquid
253.85	0.10000	7.1516	0.13983	-27.273	-27.259	-87.667	163.74	210.22	1329.9	-0.47069	682.49	0.13580	liquid
254.16	0.10000	7.1490	0.13988	-27.207	-27.193	-87.407	163.82	210.30	1328.4	-0.47034	679.31	0.13570	liquid
254.48	0.10000	7.1464	0.13993	-27.141	-27.127	-87.147	163.91	210.39	1327.0	-0.46998	676.16	0.13561	liquid
254.79	0.10000	7.1439	0.13998	-27.075	-27.061	-86.887	164.00	210.48	1325.5	-0.46962	673.03	0.13551	liquid
255.10	0.10000	7.1413	0.14003	-27.009	-26.995	-86.628	164.08	210.57	1324.1	-0.46926	669.93	0.13541	liquid
255.42	0.10000	7.1387	0.14008	-26.943	-26.929	-86.369	164.17	210.66	1322.7	-0.46890	666.84	0.13532	liquid
255.73	0.10000	7.1361	0.14013	-26.877	-26.863	-86.110	164.26	210.75	1321.2	-0.46854	663.78	0.13522	liquid
256.05	0.10000	7.1335	0.14018	-26.810	-26.796	-85.851	164.34	210.84	1319.8	-0.46818	660.75	0.13512	liquid
256.36	0.10000	7.1309	0.14023	-26.744	-26.730	-85.593	164.43	210.94	1318.4	-0.46781	657.73	0.13502	liquid
256.67	0.10000	7.1283	0.14029	-26.678	-26.664	-85.334	164.52	211.03	1317.0	-0.46745	654.74	0.13493	liquid
256.99	0.10000	7.1257	0.14034	-26.612	-26.598	-85.076	164.61	211.12	1315.5	-0.46708	651.76	0.13483	liquid
257.30	0.10000	7.1232	0.14039	-26.545	-26.531	-84.818	164.69	211.21	1314.1	-0.46672	648.81	0.13473	liquid
257.62	0.10000	7.1206	0.14044	-26.479	-26.465	-84.560	164.78	211.30	1312.7	-0.46635	645.88	0.13464	liquid
257.93	0.10000	7.1180	0.14049	-26.413	-26.398	-84.303	164.87	211.39	1311.2	-0.46598	642.98	0.13454	liquid
258.24	0.10000	7.1154	0.14054	-26.346	-26.332	-84.046	164.96	211.49	1309.8	-0.46561	640.09	0.13444	liquid
258.56	0.10000	7.1128	0.14059	-26.280	-26.266	-83.789	165.05	211.58	1308.4	-0.46524	637.22	0.13434	liquid
258.87	0.10000	7.1102	0.14064	-26.213	-26.199	-83.532	165.14	211.67	1306.9	-0.46487	634.37	0.13425	liquid
259.19	0.10000	7.1076	0.14069	-26.147	-26.133	-83.275	165.23	211.77	1305.5	-0.46449	631.55	0.13415	liquid
259.50	0.10000	7.1050	0.14075	-26.080	-26.066	-83.018	165.32	211.86	1304.1	-0.46412	628.74	0.13405	liquid
259.81	0.10000	7.1024	0.14080	-26.014	-26.000	-82.762	165.41	211.95	1302.7	-0.46374	625.95	0.13396	liquid
260.13	0.10000	7.0998	0.14085	-25.947	-25.933	-82.506	165.50	212.05	1301.2	-0.46337	623.18	0.13386	liquid
260.44	0.10000	7.0972	0.14090	-25.880	-25.866	-82.250	165.59	212.14	1299.8	-0.46299	620.43	0.13376	liquid
260.76	0.10000	7.0946	0.14095	-25.814	-25.800	-81.994	165.68	212.24	1298.4	-0.46261	617.71	0.13367	liquid
261.07	0.10000	7.0921	0.14100	-25.747	-25.733	-81.739	165.77	212.33	1297.0	-0.46223	614.99	0.13357	liquid
261.38	0.10000	7.0895	0.14105	-25.680	-25.666	-81.483	165.86	212.43	1295.5	-0.46185	612.30	0.13347	liquid
261.70	0.10000	7.0869	0.14111	-25.614	-25.600	-81.228	165.95	212.52	1294.1	-0.46147	609.63	0.13337	liquid
262.01	0.10000	7.0843	0.14116	-25.547	-25.533	-80.973	166.04	212.62	1292.7	-0.46109	606.98	0.13328	liquid
262.33	0.10000	7.0817	0.14121	-25.480	-25.466	-80.718	166.13	212.71	1291.3	-0.46071	604.34	0.13318	liquid
262.64	0.10000	7.0791	0.14126	-25.413	-25.399	-80.464	166.23	212.81	1289.9	-0.46032	601.72	0.13308	liquid
262.96	0.10000	7.0765	0.14131	-25.347	-25.332	-80.209	166.32	212.91	1288.4	-0.45994	599.12	0.13299	liquid
263.27	0.10000	7.0739	0.14136	-25.280	-25.266	-79.955	166.41	213.00	1287.0	-0.45955	596.54	0.13289	liquid
263.58	0.10000	7.0713	0.14142	-25.213	-25.199	-79.701	166.50	213.10	1285.6	-0.45916	593.97	0.13279	liquid
263.90	0.10000	7.0687	0.14147	-25.146	-25.132	-79.447	166.60	213.20	1284.2	-0.45877	591.42	0.13270	liquid
264.21	0.10000	7.0661	0.14152	-25.079	-25.065	-79.194	166.69	213.29	1282.8	-0.45838	588.89	0.13260	liquid
264.53	0.10000	7.0635	0.14157	-25.012	-24.998	-78.940	166.78	213.39	1281.3	-0.45799	586.38	0.13250	liquid
264.84	0.10000	7.0609	0.14162	-24.945	-24.931	-78.687	166.88	213.49	1279.9	-0.45760	583.88	0.13240	liquid
265.15	0.10000	7.0583	0.14168	-24.878	-24.864	-78.434	166.97	213.59	1278.5	-0.45721	581.40	0.13231	liquid
265.47	0.10000	7.0557	0.14173	-24.811	-24.796	-78.181	167.06	213.69	1277.1	-0.45682	578.94	0.13221	liquid
265.78	0.10000	7.0531	0.14178	-24.744	-24.729	-77.928	167.16	213.79	1275.7	-0.45642	576.49	0.13211	liquid
266.10	0.10000	7.0505	0.14183	-24.676	-24.662	-77.676	167.25	213.89	1274.2	-0.45603	574.06	0.13202	liquid
266.41	0.10000	7.0479	0.14189	-24.609	-24.595	-77.423	167.35	213.98	1272.8	-0.45563	571.65	0.13192	liquid
266.72	0.10000	7.0453	0.14194	-24.542	-24.528	-77.171	167.44	214.08	1271.4	-0.45523	569.25	0.13182	liquid
267.04	0.10000	7.0427	0.14199	-24.475	-24.460	-76.919	167.54	214.18	1270.0	-0.45484	566.87	0.13173	liquid
267.35	0.10000	7.0401	0.14204	-24.407	-24.393	-76.667	167.63	214.28	1268.6	-0.45444	564.50	0.13163	liquid
267.67	0.10000	7.0375	0.14210	-24.340	-24.326	-76.416	167.73	214.38	1267.2	-0.45404	562.15	0.13153	liquid
267.98	0.10000	7.0349	0.14215	-24.273	-24.259	-76.164	167.82	214.48	1265.8	-0.45364	559.81	0.13143	liquid
268.29	0.10000	7.0323	0.14220	-24.205	-24.191	-75.913	167.92	214.58	1264.3	-0.45323	557.49	0.13134	liquid
268.61	0.10000	7.0297	0.14225	-24.138	-24.124	-75.662	168.01	214.69	1262.9	-0.45283	555.18	0.13124	liquid
268.92	0.10000	7.0271	0.14231	-24.071	-24.056	-75.411	168.11	214.79	1261.5	-0.45243	552.89	0.13114	liquid
269.24	0.10000	7.0245	0.14236	-24.003	-23.989	-75.160	168.20	214.89	1260.1	-0.45202	550.61	0.13105	liquid
269.55	0.10000	7.0219	0.14241	-23.936	-23.921	-74.910	168.30	214.99	1258.7	-0.45162	548.35	0.13095	liquid
269.87	0.10000	7.0193	0.14246	-23.868	-23.854	-74.659	168.40	215.09	1257.3	-0.45121	546.11	0.13085	liquid
270.18	0.10000	7.0167	0.14252	-23.800	-23.786	-74.409	168.49	215.19	1255.9	-0.45080	543.87	0.13076	liquid
270.49	0.10000	7.0141	0.14257	-23.733	-23.719	-74.159	168.59	215.30	1254.5	-0.45039	541.65	0.13066	liquid
270.81	0.10000	7.0115	0.14262	-23.665	-23.651	-73.909	168.69	215.40	1253.1	-0.44998	539.45	0.13056	liquid
271.12	0.10000	7.0089	0.14268	-23.598	-23.583	-73.659	168.79	215.50	1251.6	-0.44957	537.26	0.13047	liquid
271.44	0.10000	7.0063	0.14273	-23.530	-23.516	-73.410	168.88	215.60	1250.2	-0.44916	535.08	0.13037	liquid
271.75	0.10000	7.0037	0.14278	-23.462	-23.448	-73.160	168.98	215.71	1248.8	-0.44875	532.92	0.13027	liquid
272.06	0.10000	7.0011	0.14284	-23.394	-23.380	-72.911	169.08	215.81	1247.4	-0.44833	530.77	0.13018	liquid
272.38	0.10000	6.9984	0.14289	-23.327	-23.312	-72.662	169.18	215.91	1246.0	-0.44792	528.63	0.13008	liquid
272.69	0.10000	6.9958	0.14294	-23.259	-23.244	-72.413	169.28	216.02	1244.6	-0.44750	526.51	0.12998	liquid
273.01	0.10000	6.9932	0.14300	-23.191	-23.177	-72.164	169.37	216.12	1243.2	-0.44709	524.40	0.12989	liquid
273.32	0.10000	6.9906	0.14305	-23.123	-23.109	-71.916	169.47	216.23	1241.8	-0.44667	522.31	0.12979	liquid
273.63	0.10000	6.9880	0.14310	-23.055	-23.041	-71.667	169.57	216.33	1240.4	-0.44625	520.22	0.12969	liquid
273.95	0.10000	6.9854	0.14316	-22.987	-22.973	-71.419	169.67	216.44	1239.0	-0.44583	518.15	0.12960	liquid
274.26	0.10000	6.9828	0.14321	-22.919	-22.905	-71.171	169.77	216.54	1237.6	-0.44541	516.10	0.12950	liquid
274.58	0.10000	6.9802	0.14326	-22.851	-22.837	-70.923	169.87	216.65	1236.2	-0.44499	514.05	0.12940	liquid
274.89	0.10000	6.9776	0.14332	-22.783	-22.769	-70.675	169.97	216.75	1234.8	-0.44457	512.02	0.12931	liquid
275.20	0.10000	6.9750	0.14337	-22.715	-22.701	-70.428	170.07	216.86	1233.4	-0.44414	510.00	0.12921	liquid
275.52	0.10000	6.9723	0.14342	-22.647	-22.632	-70.180	170.17	216.96	1232.0	-0.44372	508.00	0.12911	liquid
275.83	0.10000	6.9697	0.14348	-22.579	-22.564	-69.933	170.27	217.07	1230.6	-0.44329	506.00	0.12902	liquid
276.15	0.10000	6.9671	0.14353	-22.510	-22.496	-69.686	170.37	217.18	1229.2	-0.44287	504.02	0.12892	liquid
276.46	0.10000	6.9645	0.14359	-22.442	-22.428	-69.439	170.47	217.28	1227.8	-0.44244	502.05	0.12882	liquid
276.78	0.10000	6.9619	0.14364	-22.374	-22.360	-69.192	170.57	217.39	1226.4	-0.44201	500.09	0.12873	liquid
277.09	0.10000	6.9593	0.14369	-22.306	-22.291	-68.946	170.67	217.50	1225.0	-0.44159	498.14	0.12863	liquid
277.40	0.10000	6.9567	0.14375	-22.237	-22.223	-68.699	170.77	217.60	1223.6	-0.44116	496.21	0.12853	liquid
277.72	0.10000	6.9540	0.14380	-22.169	-22.155	-68.453	170.87	217.71	1222.2	-0.44073	494.29	0.12844	liquid
278.03	0.10000	6.9514	0.14386	-22.101	-22.086	-68.207	170.98	217.82	1220.8	-0.44029	492.37	0.12834	liquid
278.35	0.10000	6.9488	0.14391	-22.032	-22.018	-67.961	171.08	217.93	1219.4	-0.43986	490.47	0.12824	liquid
278.66	0.10000	6.9462	0.14396	-21.964	-21.949	-67.715	171.18	218.03	1218.0	-0.43943	488.58	0.12815	liquid
278.97	0.10000	6.9436	0.14402	-21.895	-21.881	-67.469	171.28	218.14	1216.6	-0.43899	486.71	0.12805	liquid
279.29	0.10000	6.9409	0.14407	-21.827	-21.812	-67.224	171.38	218.25	1215.2	-0.43856	484.84	0.12795	liquid
279.60	0.10000	6.9383	0.14413	-21.758	-21.744	-66.978	171.48	218.36	1213.8	-0.43812	482.98	0.12786	liquid
279.92	0.10000	6.9357	0.14418	-21.690	-21.675	-66.733	171.59	218.47	1212.4	-0.43768	481.14	0.12776	liquid
280.23	0.10000	6.9331	0.14424	-21.621	-21.607	-66.488	171.69	218.58	1211.0	-0.43725	479.31	0.12766	liquid
280.54	0.10000	6.9305	0.14429	-21.552	-21.538	-66.243	171.79	218.69	1209.6	-0.43681	477.48	0.12757	liquid
280.86	0.10000	6.9278	0.14435	-21.484	-21.469	-65.999	171.90	218.80	1208.2	-0.43637	475.67	0.12747	liquid
281.17	0.10000	6.9252	0.14440	-21.415	-21.400	-65.754	172.00	218.91	1206.8	-0.43593	473.87	0.12738	liquid
281.49	0.10000	6.9226	0.14445	-21.346	-21.332	-65.509	172.10	219.02	1205.4	-0.43549	472.08	0.12728	liquid
281.80	0.10000	6.9200	0.14451	-21.277	-21.263	-65.265	172.20	219.13	1204.1	-0.43504	470.30	0.12718	liquid
282.11	0.10000	6.9173	0.14456	-21.208	-21.194	-65.021	172.31	219.24	1202.7	-0.43460	468.53	0.12709	liquid
282.43	0.10000	6.9147	0.14462	-21.140	-21.125	-64.777	172.41	219.35	1201.3	-0.43416	466.77	0.12699	liquid
282.74	0.10000	6.9121	0.14467	-21.071	-21.056	-64.533	172.52	219.46	1199.9	-0.43371	465.02	0.12689	liquid
283.06	0.10000	6.9095	0.14473	-21.002	-20.987	-64.289	172.62	219.57	1198.5	-0.43326	463.28	0.12680	liquid
283.37	0.10000	6.9068	0.14478	-20.933	-20.918	-64.046	172.72	219.68	1197.1	-0.43282	461.55	0.12670	liquid
283.68	0.10000	6.9042	0.14484	-20.864	-20.849	-63.802	172.83	219.79	1195.7	-0.43237	459.83	0.12660	liquid
284.00	0.10000	6.9016	0.14489	-20.795	-20.780	-63.559	172.93	219.90	1194.3	-0.43192	458.12	0.12651	liquid
284.31	0.10000	6.8989	0.14495	-20.726	-20.711	-63.316	173.04	220.01	1192.9	-0.43147	456.42	0.12641	liquid
284.63	0.10000	6.8963	0.14500	-20.657	-20.642	-63.073	173.14	220.12	1191.5	-0.43102	454.73	0.12632	liquid
284.94	0.10000	6.8937	0.14506	-20.587	-20.573	-62.830	173.25	220.24	1190.2	-0.43057	453.05	0.12622	liquid
285.26	0.10000	6.8911	0.14512	-20.518	-20.504	-62.588	173.35	220.35	1188.8	-0.43011	451.38	0.12612	liquid
285.57	0.10000	6.8884	0.14517	-20.449	-20.434	-62.345	173.46	220.46	1187.4	-0.42966	449.72	0.12603	liquid
285.88	0.10000	6.8858	0.14523	-20.380	-20.365	-62.103	173.56	220.57	1186.0	-0.42921	448.06	0.12593	liquid
286.20	0.10000	6.8832	0.14528	-20.310	-20.296	-61.860	173.67	220.69	1184.6	-0.42875	446.42	0.12584	liquid
286.51	0.10000	6.8805	0.14534	-20.241	-20.227	-61.618	173.77	220.80	1183.2	-0.42829	444.79	0.12574	liquid
286.83	0.10000	6.8779	0.14539	-20.172	-20.157	-61.376	173.88	220.91	1181.9	-0.42784	443.16	0.12564	liquid
287.14	0.10000	6.8753	0.14545	-20.102	-20.088	-61.134	173.98	221.03	1180.5	-0.42738	441.55	0.12555	liquid
287.45	0.10000	6.8726	0.14551	-20.033	-20.018	-60.893	174.09	221.14	1179.1	-0.42692	439.94	0.12545	liquid
287.77	0.10000	6.8700	0.14556	-19.963	-19.949	-60.651	174.20	221.25	1177.7	-0.42646	438.34	0.12536	liquid
288.08	0.10000	6.8673	0.14562	-19.894	-19.879	-60.410	174.30	221.37	1176.3	-0.42600	436.75	0.12526	liquid
288.40	0.10000	6.8647	0.14567	-19.824	-19.810	-60.168	174.41	221.48	1174.9	-0.42554	435.17	0.12516	liquid
288.71	0.10000	6.8621	0.14573	-19.755	-19.740	-59.927	174.52	221.59	1173.6	-0.42507	433.60	0.12507	liquid
289.02	0.10000	6.8594	0.14578	-19.685	-19.671	-59.686	174.62	221.71	1172.2	-0.42461	432.04	0.12497	liquid
289.34	0.10000	6.8568	0.14584	-19.616	-19.601	-59.445	174.73	221.82	1170.8	-0.42414	430.49	0.12488	liquid
289.65	0.10000	6.8541	0.14590	-19.546	-19.531	-59.205	174.84	221.94	1169.4	-0.42368	428.94	0.12478	liquid
289.97	0.10000	6.8515	0.14595	-19.476	-19.462	-58.964	174.94	222.05	1168.0	-0.42321	427.40	0.12469	liquid
290.28	0.10000	6.8489	0.14601	-19.406	-19.392	-58.724	175.05	222.17	1166.7	-0.42274	425.87	0.12459	liquid
290.59	0.10000	6.8462	0.14607	-19.337	-19.322	-58.483	175.16	222.28	1165.3	-0.42228	424.35	0.12449	liquid
290.91	0.10000	6.8436	0.14612	-19.267	-19.252	-58.243	175.27	222.40	1163.9	-0.42181	422.84	0.12440	liquid
291.22	0.10000	6.8409	0.14618	-19.197	-19.182	-58.003	175.37	222.51	1162.5	-0.42134	421.34	0.12430	liquid
291.54	0.10000	6.8383	0.14624	-19.127	-19.112	-57.763	175.48	222.63	1161.2	-0.42087	419.84	0.12421	liquid
291.85	0.10000	6.8356	0.14629	-19.057	-19.042	-57.523	175.59	222.75	1159.8	-0.42039	418.36	0.12411	liquid
292.17	0.10000	6.8330	0.14635	-18.987	-18.972	-57.284	175.70	222.86	1158.4	-0.41992	416.88	0.12402	liquid
292.48	0.10000	6.8303	0.14641	-18.917	-18.902	-57.044	175.81	222.98	1157.0	-0.41945	415.40	0.12392	liquid
292.79	0.10000	6.8277	0.14646	-18.847	-18.832	-56.805	175.91	223.09	1155.7	-0.41897	413.94	0.12382	liquid
293.11	0.10000	6.8250	0.14652	-18.777	-18.762	-56.566	176.02	223.21	1154.3	-0.41850	412.48	0.12373	liquid
293.42	0.10000	6.8224	0.14658	-18.707	-18.692	-56.327	176.13	223.33	1152.9	-0.41802	411.04	0.12363	liquid
293.74	0.10000	6.8197	0.14663	-18.637	-18.622	-56.088	176.24	223.44	1151.5	-0.41754	409.60	0.12354	liquid
294.05	0.10000	6.8171	0.14669	-18.567	-18.552	-55.849	176.35	223.56	1150.2	-0.41706	408.16	0.12344	liquid
294.36	0.10000	6.8144	0.14675	-18.496	-18.482	-55.610	176.46	223.68	1148.8	-0.41658	406.74	0.12335	liquid
294.68	0.10000	6.8118	0.14680	-18.426	-18.411	-55.371	176.57	223.80	1147.4	-0.41610	405.32	0.12325	liquid
294.99	0.10000	6.8091	0.14686	-18.356	-18.341	-55.133	176.68	223.91	1146.0	-0.41562	403.91	0.12316	liquid
295.31	0.10000	6.8065	0.14692	-18.285	-18.271	-54.895	176.79	224.03	1144.7	-0.41514	402.51	0.12306	liquid
295.62	0.10000	6.8038	0.14698	-18.215	-18.200	-54.656	176.90	224.15	1143.3	-0.41466	401.11	0.12297	liquid
295.93	0.10000	6.8011	0.14703	-18.145	-18.130	-54.418	177.01	224.27	1141.9	-0.41417	399.72	0.12287	liquid
296.25	0.10000	6.7985	0.14709	-18.074	-18.059	-54.180	177.11	224.39	1140.6	-0.41369	398.34	0.12277	liquid
296.56	0.10000	6.7958	0.14715	-18.004	-17.989	-53.942	177.22	224.50	1139.2	-0.41320	396.97	0.12268	liquid
296.88	0.10000	6.7932	0.14721	-17.933	-17.918	-53.705	177.33	224.62	1137.8	-0.41272	395.60	0.12258	liquid
297.19	0.10000	6.7905	0.14726	-17.863	-17.848	-53.467	177.44	224.74	1136.5	-0.41223	394.24	0.12249	liquid
297.50	0.10000	6.7878	0.14732	-17.792	-17.777	-53.230	177.55	224.86	1135.1	-0.41174	392.89	0.12239	liquid
297.82	0.10000	6.7852	0.14738	-17.721	-17.707	-52.992	177.67	224.98	1133.7	-0.41125	391.54	0.12230	liquid
298.13	0.10000	6.7825	0.14744	-17.651	-17.636	-52.755	177.78	225.10	1132.4	-0.41076	390.20	0.12220	liquid
298.45	0.10000	6.7798	0.14750	-17.580	-17.565	-52.518	177.89	225.22	1131.0	-0.41027	388.87	0.12211	liquid
298.76	0.10000	6.7772	0.14755	-17.509	-17.494	-52.281	178.00	225.34	1129.6	-0.40978	387.55	0.12201	liquid
299.07	0.10000	6.7745	0.14761	-17.438	-17.424	-52.044	178.11	225.46	1128.3	-0.40928	386.23	0.12192	liquid
299.39	0.10000	6.7718	0.14767	-17.368	-17.353	-51.808	178.22	225.58	1126.9	-0.40879	384.92	0.12182	liquid
299.70	0.10000	6.7692	0.14773	-17.297	-17.282	-51.571	178.33	225.70	1125.5	-0.40829	383.61	0.12173	liquid
300.02	0.10000	6.7665	0.14779	-17.226	-17.211	-51.335	178.44	225.82	1124.2	-0.40780	382.32	0.12163	liquid
300.33	0.10000	6.7638	0.14785	-17.155	-17.140	-51.098	178.55	225.94	1122.8	-0.40730	381.02	0.12154	liquid
300.65	0.10000	6.7612	0.14790	-17.084	-17.069	-50.862	178.66	226.06	1121.4	-0.40680	379.74	0.12144	liquid
300.96	0.10000	6.7585	0.14796	-17.013	-16.998	-50.626	178.77	226.18	1120.1	-0.40630	378.46	0.12135	liquid
301.27	0.10000	6.7558	0.14802	-16.942	-16.927	-50.390	178.89	226.30	1118.7	-0.40580	377.19	0.12125	liquid
301.59	0.10000	6.7531	0.14808	-16.871	-16.856	-50.154	179.00	226.42	1117.4	-0.40530	375.92	0.12116	liquid
301.90	0.10000	6.7505	0.14814	-16.800	-16.785	-49.918	179.11	226.54	1116.0	-0.40480	374.66	0.12106	liquid
302.22	0.10000	6.7478	0.14820	-16.728	-16.714	-49.683	179.22	226.66	1114.6	-0.40430	373.41	0.12097	liquid
302.53	0.10000	6.7451	0.14826	-16.657	-16.642	-49.447	179.33	226.78	1113.3	-0.40379	372.17	0.12087	liquid
302.84	0.10000	6.7424	0.14831	-16.586	-16.571	-49.212	179.45	226.90	1111.9	-0.40329	370.93	0.12078	liquid
303.16	0.10000	6.7398	0.14837	-16.515	-16.500	-48.977	179.56	227.03	1110.6	-0.40278	369.69	0.12068	liquid
303.47	0.10000	6.7371	0.14843	-16.443	-16.429	-48.741	179.67	227.15	1109.2	-0.40228	368.46	0.12059	liquid
303.79	0.10000	6.7344	0.14849	-16.372	-16.357	-48.506	179.78	227.27	1107.8	-0.40177	367.24	0.12050	liquid
304.10	0.10000	6.7317	0.14855	-16.301	-16.286	-48.271	179.90	227.39	1106.5	-0.40126	366.02	0.12040	liquid
304.41	0.10000	6.7290	0.14861	-16.229	-16.214	-48.037	180.01	227.51	1105.1	-0.40075	364.81	0.12031	liquid
304.73	0.10000	6.7264	0.14867	-16.158	-16.143	-47.802	180.12	227.64	1103.8	-0.40024	363.61	0.12021	liquid
305.04	0.10000	6.7237	0.14873	-16.086	-16.071	-47.567	180.23	227.76	1102.4	-0.39973	362.41	0.12012	liquid
305.36	0.10000	6.7210	0.14879	-16.015	-16.000	-47.333	180.35	227.88	1101.1	-0.39921	361.22	0.12002	liquid
305.67	0.10000	6.7183	0.14885	-15.943	-15.928	-47.099	180.46	228.00	1099.7	-0.39870	360.03	0.11993	liquid
305.98	0.10000	6.7156	0.14891	-15.871	-15.857	-46.864	180.57	228.13	1098.3	-0.39819	358.85	0.11983	liquid
306.30	0.10000	6.7129	0.14897	-15.800	-15.785	-46.630	180.69	228.25	1097.0	-0.39767	357.68	0.11974	liquid
306.61	0.10000	6.7102	0.14903	-15.728	-15.713	-46.396	180.80	228.37	1095.6	-0.39715	356.51	0.11965	liquid
306.93	0.10000	6.7075	0.14909	-15.656	-15.641	-46.162	180.91	228.50	1094.3	-0.39664	355.35	0.11955	liquid
307.24	0.10000	6.7048	0.14915	-15.585	-15.570	-45.929	181.03	228.62	1092.9	-0.39612	354.19	0.11946	liquid
307.56	0.10000	6.7022	0.14921	-15.513	-15.498	-45.695	181.14	228.74	1091.6	-0.39560	353.04	0.11936	liquid
307.87	0.10000	6.6995	0.14927	-15.441	-15.426	-45.461	181.25	228.87	1090.2	-0.39508	351.89	0.11927	liquid
308.18	0.10000	6.6968	0.14933	-15.369	-15.354	-45.228	181.37	228.99	1088.9	-0.39456	350.75	0.11917	liquid
308.50	0.10000	6.6941	0.14939	-15.297	-15.282	-44.995	181.48	229.12	1087.5	-0.39404	349.61	0.11908	liquid
308.81	0.10000	6.6914	0.14945	-15.225	-15.210	-44.761	181.60	229.24	1086.2	-0.39351	348.48	0.11899	liquid
309.13	0.10000	6.6887	0.14951	-15.153	-15.138	-44.528	181.71	229.36	1084.8	-0.39299	347.36	0.11889	liquid
309.44	0.10000	6.6860	0.14957	-15.081	-15.066	-44.295	181.82	229.49	1083.5	-0.39246	346.24	0.11880	liquid
309.75	0.10000	6.6833	0.14963	-15.009	-14.994	-44.063	181.94	229.61	1082.1	-0.39194	345.12	0.11870	liquid
310.07	0.10000	6.6806	0.14969	-14.937	-14.922	-43.830	182.05	229.74	1080.8	-0.39141	344.01	0.11861	liquid
310.38	0.10000	6.6779	0.14975	-14.865	-14.850	-43.597	182.17	229.86	1079.4	-0.39088	342.91	0.11852	liquid
310.70	0.10000	6.6752	0.14981	-14.792	-14.777	-43.365	182.28	229.99	1078.1	-0.39035	341.81	0.11842	liquid
311.01	0.10000	6.6725	0.14987	-14.720	-14.705	-43.132	182.40	230.11	1076.7	-0.38982	340.72	0.11833	liquid
311.32	0.10000	6.6698	0.14993	-14.648	-14.633	-42.900	182.51	230.24	1075.4	-0.38929	339.63	0.11823	liquid
311.64	0.10000	6.6670	0.14999	-14.576	-14.561	-42.668	182.63	230.36	1074.0	-0.38876	338.55	0.11814	liquid
311.95	0.10000	6.6643	0.15005	-14.503	-14.488	-42.435	182.74	230.49	1072.7	-0.38822	337.47	0.11805	liquid
312.27	0.10000	6.6616	0.15011	-14.431	-14.416	-42.203	182.86	230.62	1071.3	-0.38769	336.40	0.11795	liquid
312.58	0.10000	6.6589	0.15017	-14.358	-14.343	-41.972	182.97	230.74	1070.0	-0.38715	335.33	0.11786	liquid
312.89	0.10000	6.6562	0.15024	-14.286	-14.271	-41.740	183.09	230.87	1068.6	-0.38662	334.26	0.11777	liquid
313.21	0.10000	6.6535	0.15030	-14.213	-14.198	-41.508	183.20	230.99	1067.3	-0.38608	333.21	0.11767	liquid
313.52	0.10000	6.6508	0.15036	-14.141	-14.126	-41.276	183.32	231.12	1066.0	-0.38554	332.15	0.11758	liquid
313.84	0.10000	6.6481	0.15042	-14.068	-14.053	-41.045	183.43	231.25	1064.6	-0.38500	331.11	0.11748	liquid
314.15	0.10000	6.6454	0.15048	-13.996	-13.980	-40.814	183.55	231.37	1063.3	-0.38446	330.06	0.11739	liquid
314.46	0.10000	6.6426	0.15054	-13.923	-13.908	-40.582	183.66	231.50	1061.9	-0.38392	329.02	0.11730	liquid
314.78	0.10000	6.6399	0.15060	-13.850	-13.835	-40.351	183.78	231.63	1060.6	-0.38338	327.99	0.11720	liquid
315.09	0.10000	6.6372	0.15067	-13.777	-13.762	-40.120	183.89	231.75	1059.2	-0.38283	326.96	0.11711	liquid
315.41	0.10000	6.6345	0.15073	-13.705	-13.689	-39.889	184.01	231.88	1057.9	-0.38229	325.94	0.11702	liquid
315.72	0.10000	6.6318	0.15079	-13.632	-13.617	-39.658	184.13	232.01	1056.6	-0.38174	324.92	0.11692	liquid
316.04	0.10000	6.6290	0.15085	-13.559	-13.544	-39.428	184.24	232.13	1055.2	-0.38119	323.90	0.11683	liquid
316.35	0.10000	6.6263	0.15091	-13.486	-13.471	-39.197	184.36	232.26	1053.9	-0.38065	322.89	0.11674	liquid
316.66	0.10000	6.6236	0.15098	-13.413	-13.398	-38.966	184.47	232.39	1052.5	-0.38010	321.88	0.11664	liquid
316.98	0.10000	6.6209	0.15104	-13.340	-13.325	-38.736	184.59	232.52	1051.2	-0.37955	320.88	0.11655	liquid
317.29	0.10000	6.6181	0.15110	-13.267	-13.252	-38.506	184.71	232.64	1049.9	-0.37899	319.89	0.11646	liquid
317.61	0.10000	6.6154	0.15116	-13.194	-13.179	-38.275	184.82	232.77	1048.5	-0.37844	318.89	0.11636	liquid
317.92	0.10000	6.6127	0.15122	-13.121	-13.106	-38.045	184.94	232.90	1047.2	-0.37789	317.91	0.11627	liquid
318.23	0.10000	6.6099	0.15129	-13.047	-13.032	-37.815	185.06	233.03	1045.9	-0.37733	316.92	0.11618	liquid
318.55	0.10000	6.6072	0.15135	-12.974	-12.959	-37.585	185.17	233.16	1044.5	-0.37678	315.94	0.11608	liquid
318.86	0.10000	6.6045	0.15141	-12.901	-12.886	-37.355	185.29	233.28	1043.2	-0.37622	314.97	0.11599	liquid
319.18	0.10000	6.6017	0.15148	-12.828	-12.813	-37.126	185.41	233.41	1041.8	-0.37566	314.00	0.11590	liquid
319.49	0.10000	6.5990	0.15154	-12.754	-12.739	-36.896	185.52	233.54	1040.5	-0.37510	313.03	0.11581	liquid
319.80	0.10000	6.5963	0.15160	-12.681	-12.666	-36.666	185.64	233.67	1039.2	-0.37454	312.07	0.11571	liquid
320.12	0.10000	6.5935	0.15166	-12.608	-12.593	-36.437	185.76	233.80	1037.8	-0.37398	311.11	0.11562	liquid
320.43	0.10000	6.5908	0.15173	-12.534	-12.519	-36.208	185.87	233.93	1036.5	-0.37342	310.16	0.11553	liquid
320.75	0.10000	6.5880	0.15179	-12.461	-12.446	-35.978	185.99	234.06	1035.2	-0.37286	309.21	0.11543	liquid
321.06	0.10000	6.5853	0.15185	-12.387	-12.372	-35.749	186.11	234.18	1033.8	-0.37229	308.27	0.11534	liquid
321.37	0.10000	6.5826	0.15192	-12.314	-12.298	-35.520	186.23	234.31	1032.5	-0.37173	307.33	0.11525	liquid
321.69	0.10000	6.5798	0.15198	-12.240	-12.225	-35.291	186.34	234.44	1031.2	-0.37116	306.39	0.11516	liquid
322.00	0.10000	6.5771	0.15204	-12.166	-12.151	-35.062	186.46	234.57	1029.8	-0.37059	305.46	0.11506	liquid
322.32	0.10000	6.5743	0.15211	-12.093	-12.077	-34.834	186.58	234.70	1028.5	-0.37002	304.53	0.11497	liquid
322.63	0.10000	6.5716	0.15217	-12.019	-12.004	-34.605	186.70	234.83	1027.2	-0.36945	303.61	0.11488	liquid
322.95	0.10000	6.5688	0.15223	-11.945	-11.930	-34.376	186.81	234.96	1025.8	-0.36888	302.69	0.11479	liquid
323.26	0.10000	6.5661	0.15230	-11.871	-11.856	-34.148	186.93	235.09	1024.5	-0.36831	301.77	0.11469	liquid
323.57	0.10000	6.5633	0.15236	-11.798	-11.782	-33.920	187.05	235.22	1023.2	-0.36774	300.86	0.11460	liquid
323.89	0.10000	6.5606	0.15243	-11.724	-11.708	-33.691	187.17	235.35	1021.8	-0.36716	299.95	0.11451	liquid
324.20	0.10000	6.5578	0.15249	-11.650	-11.634	-33.463	187.29	235.48	1020.5	-0.36658	299.05	0.11442	liquid
324.52	0.10000	6.5550	0.15255	-11.576	-11.560	-33.235	187.40	235.61	1019.2	-0.36601	298.15	0.11432	liquid
324.83	0.10000	6.5523	0.15262	-11.502	-11.486	-33.007	187.52	235.74	1017.9	-0.36543	297.25	0.11423	liquid
325.14	0.10000	6.5495	0.15268	-11.428	-11.412	-32.779	187.64	235.87	1016.5	-0.36485	296.36	0.11414	liquid
325.46	0.10000	6.5468	0.15275	-11.354	-11.338	-32.551	187.76	236.01	1015.2	-0.36427	295.47	0.11405	liquid
325.77	0.10000	6.5440	0.15281	-11.279	-11.264	-32.324	187.88	236.14	1013.9	-0.36369	294.58	0.11395	liquid
326.09	0.10000	6.5412	0.15288	-11.205	-11.190	-32.096	187.99	236.27	1012.5	-0.36310	293.70	0.11386	liquid
326.40	0.10000	6.5385	0.15294	-11.131	-11.116	-31.869	188.11	236.40	1011.2	-0.36252	292.82	0.11377	liquid
326.71	0.10000	6.5357	0.15301	-11.057	-11.041	-31.641	188.23	236.53	1009.9	-0.36193	291.95	0.11368	liquid
327.03	0.10000	6.5329	0.15307	-10.982	-10.967	-31.414	188.35	236.66	1008.6	-0.36135	291.08	0.11358	liquid
327.34	0.10000	6.5302	0.15314	-10.908	-10.893	-31.187	188.47	236.79	1007.2	-0.36076	290.21	0.11349	liquid
327.66	0.10000	6.5274	0.15320	-10.834	-10.818	-30.959	188.59	236.92	1005.9	-0.36017	289.35	0.11340	liquid
327.97	0.10000	6.5246	0.15327	-10.759	-10.744	-30.732	188.70	237.06	1004.6	-0.35958	288.49	0.11331	liquid
328.28	0.10000	6.5218	0.15333	-10.685	-10.669	-30.505	188.82	237.19	1003.3	-0.35899	287.64	0.11322	liquid
328.60	0.10000	6.5191	0.15340	-10.610	-10.595	-30.278	188.94	237.32	1001.9	-0.35839	286.78	0.11313	liquid
328.91	0.10000	6.5163	0.15346	-10.536	-10.520	-30.052	189.06	237.45	1000.6	-0.35780	285.94	0.11303	liquid
329.23	0.10000	6.5135	0.15353	-10.461	-10.446	-29.825	189.18	237.58	999.29	-0.35720	285.09	0.11294	liquid
329.54	0.10000	6.5107	0.15359	-10.387	-10.371	-29.598	189.30	237.72	997.97	-0.35661	284.25	0.11285	liquid
329.86	0.10000	6.5080	0.15366	-10.312	-10.296	-29.372	189.42	237.85	996.64	-0.35601	283.41	0.11276	liquid
330.17	0.10000	6.5052	0.15372	-10.237	-10.222	-29.145	189.54	237.98	995.32	-0.35541	282.58	0.11267	liquid
330.48	0.10000	6.5024	0.15379	-10.162	-10.147	-28.919	189.66	238.11	994.00	-0.35481	281.75	0.11257	liquid
330.80	0.10000	6.4996	0.15386	-10.088	-10.072	-28.693	189.78	238.25	992.68	-0.35421	280.92	0.11248	liquid
331.11	0.10000	6.4968	0.15392	-10.013	-9.9973	-28.467	189.89	238.38	991.36	-0.35361	280.10	0.11239	liquid
331.43	0.10000	6.4940	0.15399	-9.9378	-9.9224	-28.241	190.01	238.51	990.04	-0.35300	279.28	0.11230	liquid
331.74	0.10000	6.4912	0.15405	-9.8629	-9.8475	-28.015	190.13	238.64	988.72	-0.35240	278.46	0.11221	liquid
332.05	0.10000	6.4884	0.15412	-9.7879	-9.7725	-27.789	190.25	238.78	987.40	-0.35179	277.65	0.11212	liquid
332.37	0.10000	6.4857	0.15419	-9.7129	-9.6975	-27.563	190.37	238.91	986.08	-0.35118	276.84	0.11203	liquid
332.68	0.10000	6.4829	0.15425	-9.6379	-9.6225	-27.337	190.49	239.04	984.76	-0.35057	276.03	0.11193	liquid
333.00	0.10000	6.4801	0.15432	-9.5628	-9.5474	-27.111	190.61	239.18	983.44	-0.34996	275.23	0.11184	liquid
333.31	0.10000	6.4773	0.15439	-9.4877	-9.4722	-26.886	190.73	239.31	982.12	-0.34935	274.43	0.11175	liquid
333.62	0.10000	6.4745	0.15445	-9.4125	-9.3970	-26.660	190.85	239.44	980.80	-0.34873	273.63	0.11166	liquid
333.94	0.10000	6.4717	0.15452	-9.3373	-9.3218	-26.435	190.97	239.58	979.49	-0.34812	272.83	0.11157	liquid
334.25	0.10000	6.4689	0.15459	-9.2620	-9.2465	-26.210	191.09	239.71	978.17	-0.34750	272.04	0.11148	liquid
334.57	0.10000	6.4661	0.15465	-9.1867	-9.1712	-25.985	191.21	239.85	976.85	-0.34689	271.26	0.11139	liquid
334.88	0.10000	6.4633	0.15472	-9.1113	-9.0959	-25.759	191.33	239.98	975.53	-0.34627	270.47	0.11130	liquid
335.19	0.10000	6.4604	0.15479	-9.0360	-9.0205	-25.534	191.45	240.11	974.22	-0.34565	269.69	0.11120	liquid
335.51	0.10000	6.4576	0.15486	-8.9605	-8.9450	-25.310	191.57	240.25	972.90	-0.34503	268.91	0.11111	liquid
335.82	0.10000	6.4548	0.15492	-8.8851	-8.8696	-25.085	191.69	240.38	971.59	-0.34440	268.14	0.11102	liquid
336.14	0.10000	6.4520	0.15499	-8.8095	-8.7940	-24.860	191.81	240.52	970.27	-0.34378	267.37	0.11093	liquid
336.45	0.10000	6.4492	0.15506	-8.7340	-8.7185	-24.635	191.93	240.65	968.96	-0.34315	266.60	0.11084	liquid
336.76	0.10000	6.4464	0.15513	-8.6584	-8.6429	-24.411	192.05	240.79	967.64	-0.34253	265.83	0.11075	liquid
337.08	0.10000	6.4436	0.15519	-8.5827	-8.5672	-24.186	192.17	240.92	966.33	-0.34190	265.07	0.11066	liquid
337.39	0.10000	6.4408	0.15526	-8.5071	-8.4915	-23.962	192.29	241.06	965.02	-0.34127	264.31	0.11057	liquid
337.71	0.10000	6.4379	0.15533	-8.4313	-8.4158	-23.737	192.41	241.19	963.70	-0.34064	263.55	0.11048	liquid
338.02	0.10000	6.4351	0.15540	-8.3556	-8.3400	-23.513	192.53	241.33	962.39	-0.34000	262.80	0.11039	liquid
338.34	0.10000	6.4323	0.15547	-8.2798	-8.2642	-23.289	192.65	241.46	961.08	-0.33937	262.05	0.11030	liquid
338.65	0.10000	6.4295	0.15553	-8.2039	-8.1883	-23.065	192.77	241.60	959.76	-0.33873	261.30	0.11020	liquid
338.96	0.10000	6.4266	0.15560	-8.1280	-8.1124	-22.841	192.89	241.73	958.45	-0.33810	260.56	0.11011	liquid
339.28	0.10000	6.4238	0.15567	-8.0521	-8.0365	-22.617	193.01	241.87	957.14	-0.33746	259.82	0.11002	liquid
339.59	0.10000	6.4210	0.15574	-7.9761	-7.9605	-22.393	193.13	242.00	955.83	-0.33682	259.08	0.10993	liquid
339.91	0.10000	6.4181	0.15581	-7.9001	-7.8845	-22.169	193.25	242.14	954.52	-0.33618	258.34	0.10984	liquid
340.22	0.10000	6.4153	0.15588	-7.8240	-7.8084	-21.945	193.37	242.28	953.21	-0.33553	257.61	0.10975	liquid
340.53	0.10000	6.4125	0.15595	-7.7479	-7.7323	-21.722	193.49	242.41	951.90	-0.33489	256.88	0.10966	liquid
340.85	0.10000	6.4096	0.15601	-7.6717	-7.6561	-21.498	193.61	242.55	950.59	-0.33424	256.15	0.10957	liquid
341.16	0.10000	6.4068	0.15608	-7.5955	-7.5799	-21.275	193.74	242.68	949.28	-0.33360	255.43	0.10948	liquid
341.48	0.10000	6.4040	0.15615	-7.5193	-7.5037	-21.051	193.86	242.82	947.97	-0.33295	254.71	0.10939	liquid
341.79	0.10000	6.4011	0.15622	-7.4430	-7.4274	-20.828	193.98	242.96	946.66	-0.33230	253.99	0.10930	liquid
342.10	0.10000	6.3983	0.15629	-7.3667	-7.3511	-20.605	194.10	243.09	945.35	-0.33164	253.27	0.10921	liquid
342.42	0.10000	6.3954	0.15636	-7.2903	-7.2747	-20.382	194.22	243.23	944.04	-0.33099	252.56	0.10912	liquid
342.73	0.10000	6.3926	0.15643	-7.2139	-7.1983	-20.159	194.34	243.37	942.74	-0.33034	251.85	0.10903	liquid
343.05	0.10000	6.3897	0.15650	-7.1375	-7.1218	-19.936	194.46	243.50	941.43	-0.32968	251.14	0.10894	liquid
343.36	0.10000	6.3869	0.15657	-7.0610	-7.0453	-19.713	194.58	243.64	940.12	-0.32902	250.43	0.10885	liquid
343.67	0.10000	6.3840	0.15664	-6.9844	-6.9688	-19.490	194.70	243.78	938.82	-0.32836	249.73	0.10876	liquid
343.99	0.10000	6.3812	0.15671	-6.9079	-6.8922	-19.267	194.82	243.91	937.51	-0.32770	249.03	0.10867	liquid
344.30	0.10000	6.3783	0.15678	-6.8312	-6.8156	-19.044	194.95	244.05	936.20	-0.32704	248.34	0.10858	liquid
344.62	0.10000	6.3755	0.15685	-6.7546	-6.7389	-18.822	195.07	244.19	934.90	-0.32637	247.64	0.10849	liquid
344.93	0.10000	6.3726	0.15692	-6.6779	-6.6622	-18.599	195.19	244.33	933.59	-0.32571	246.95	0.10840	liquid
345.25	0.10000	6.3698	0.15699	-6.6011	-6.5854	-18.377	195.31	244.46	932.29	-0.32504	246.26	0.10831	liquid
345.56	0.10000	6.3669	0.15706	-6.5243	-6.5086	-18.155	195.43	244.60	930.98	-0.32437	245.57	0.10822	liquid
345.87	0.10000	6.3640	0.15713	-6.4475	-6.4318	-17.932	195.55	244.74	929.68	-0.32370	244.89	0.10813	liquid
346.19	0.10000	6.3612	0.15720	-6.3706	-6.3549	-17.710	195.67	244.88	928.37	-0.32303	244.21	0.10804	liquid
346.50	0.10000	6.3583	0.15728	-6.2937	-6.2779	-17.488	195.79	245.01	927.07	-0.32235	243.53	0.10795	liquid
346.82	0.10000	6.3554	0.15735	-6.2167	-6.2010	-17.266	195.92	245.15	925.77	-0.32168	242.85	0.10786	liquid
347.13	0.10000	6.3525	0.15742	-6.1397	-6.1239	-17.044	196.04	245.29	924.46	-0.32100	242.18	0.10778	liquid
347.44	0.10000	6.3497	0.15749	-6.0626	-6.0469	-16.822	196.16	245.43	923.16	-0.32032	241.51	0.10769	liquid
347.76	0.10000	6.3468	0.15756	-5.9855	-5.9698	-16.600	196.28	245.57	921.86	-0.31964	240.84	0.10760	liquid
348.07	0.10000	6.3439	0.15763	-5.9084	-5.8926	-16.378	196.40	245.70	920.56	-0.31896	240.17	0.10751	liquid
348.39	0.10000	6.3410	0.15770	-5.8312	-5.8154	-16.157	196.52	245.84	919.25	-0.31827	239.51	0.10742	liquid
348.70	0.10000	6.3382	0.15777	-5.7540	-5.7382	-15.935	196.64	245.98	917.95	-0.31759	238.85	0.10733	liquid
349.01	0.10000	6.3353	0.15785	-5.6767	-5.6609	-15.714	196.77	246.12	916.65	-0.31690	238.19	0.10724	liquid
349.33	0.10000	6.3324	0.15792	-5.5994	-5.5836	-15.492	196.89	246.26	915.35	-0.31621	237.53	0.10715	liquid
349.64	0.10000	6.3295	0.15799	-5.5220	-5.5062	-15.271	197.01	246.40	914.05	-0.31552	236.88	0.10706	liquid
349.96	0.10000	6.3266	0.15806	-5.4446	-5.4288	-15.049	197.13	246.54	912.75	-0.31483	236.23	0.10697	liquid
350.27	0.10000	6.3237	0.15813	-5.3672	-5.3513	-14.828	197.25	246.68	911.45	-0.31413	235.58	0.10688	liquid
350.58	0.10000	6.3208	0.15821	-5.2897	-5.2738	-14.607	197.37	246.82	910.15	-0.31344	234.93	0.10680	liquid
350.90	0.10000	6.3179	0.15828	-5.2121	-5.1963	-14.386	197.50	246.96	908.85	-0.31274	234.29	0.10671	liquid
351.21	0.10000	6.3150	0.15835	-5.1346	-5.1187	-14.165	197.62	247.09	907.55	-0.31204	233.65	0.10662	liquid
351.53	0.10000	6.3121	0.15842	-5.0569	-5.0411	-13.944	197.74	247.23	906.25	-0.31134	233.01	0.10653	liquid
351.84	0.10000	6.3092	0.15850	-4.9793	-4.9634	-13.723	197.86	247.37	904.95	-0.31063	232.37	0.10644	liquid
352.15	0.10000	6.3063	0.15857	-4.9016	-4.8857	-13.502	197.98	247.51	903.66	-0.30993	231.74	0.10635	liquid
352.47	0.10000	6.3034	0.15864	-4.8238	-4.8079	-13.282	198.11	247.65	902.36	-0.30922	231.10	0.10626	liquid
352.78	0.10000	6.3005	0.15872	-4.7460	-4.7301	-13.061	198.23	247.79	901.06	-0.30851	230.47	0.10618	liquid
353.10	0.10000	6.2976	0.15879	-4.6682	-4.6523	-12.840	198.35	247.93	899.76	-0.30780	229.85	0.10609	liquid
353.41	0.10000	6.2947	0.15886	-4.5903	-4.5744	-12.620	198.47	248.07	898.47	-0.30709	229.22	0.10600	liquid
353.73	0.10000	6.2918	0.15894	-4.5123	-4.4964	-12.400	198.59	248.21	897.17	-0.30638	228.60	0.10591	liquid
354.04	0.10000	6.2889	0.15901	-4.4344	-4.4185	-12.179	198.72	248.35	895.87	-0.30566	227.98	0.10582	liquid
354.35	0.10000	6.2860	0.15908	-4.3563	-4.3404	-11.959	198.84	248.49	894.58	-0.30494	227.36	0.10573	liquid
354.67	0.10000	6.2830	0.15916	-4.2783	-4.2624	-11.739	198.96	248.63	893.28	-0.30422	226.74	0.10565	liquid
354.98	0.10000	6.2801	0.15923	-4.2002	-4.1843	-11.519	199.08	248.78	891.99	-0.30350	226.12	0.10556	liquid
355.30	0.10000	6.2772	0.15931	-4.1220	-4.1061	-11.298	199.20	248.92	890.69	-0.30278	225.51	0.10547	liquid
355.61	0.10000	6.2743	0.15938	-4.0438	-4.0279	-11.078	199.33	249.06	889.40	-0.30205	224.90	0.10538	liquid
355.92	0.10000	6.2714	0.15946	-3.9656	-3.9496	-10.858	199.45	249.20	888.10	-0.30132	224.29	0.10529	liquid
356.24	0.10000	6.2684	0.15953	-3.8873	-3.8714	-10.639	199.57	249.34	886.81	-0.30059	223.69	0.10521	liquid
356.55	0.10000	6.2655	0.15960	-3.8090	-3.7930	-10.419	199.69	249.48	885.51	-0.29986	223.08	0.10512	liquid
356.87	0.10000	6.2626	0.15968	-3.7306	-3.7146	-10.199	199.82	249.62	884.22	-0.29913	222.48	0.10503	liquid
357.18	0.10000	6.2596	0.15975	-3.6522	-3.6362	-9.9794	199.94	249.76	882.92	-0.29839	221.88	0.10494	liquid
357.49	0.10000	6.2567	0.15983	-3.5737	-3.5577	-9.7598	200.06	249.90	881.63	-0.29765	221.29	0.10485	liquid
357.81	0.10000	6.2537	0.15990	-3.4952	-3.4792	-9.5403	200.18	250.05	880.34	-0.29691	220.69	0.10477	liquid
358.12	0.10000	6.2508	0.15998	-3.4167	-3.4007	-9.3209	200.30	250.19	879.04	-0.29617	220.10	0.10468	liquid
358.44	0.10000	6.2479	0.16005	-3.3381	-3.3221	-9.1015	200.43	250.33	877.75	-0.29543	219.51	0.10459	liquid
358.75	0.10000	6.2449	0.16013	-3.2594	-3.2434	-8.8822	200.55	250.47	876.46	-0.29468	218.92	0.10450	liquid
359.06	0.10000	6.2420	0.16021	-3.1808	-3.1647	-8.6629	200.67	250.61	875.17	-0.29394	218.33	0.10442	liquid
359.38	0.10000	6.2390	0.16028	-3.1020	-3.0860	-8.4437	200.79	250.76	873.88	-0.29319	217.75	0.10433	liquid
359.69	0.10000	6.2361	0.16036	-3.0233	-3.0072	-8.2246	200.92	250.90	872.58	-0.29243	217.16	0.10424	liquid
360.01	0.10000	6.2331	0.16043	-2.9444	-2.9284	-8.0056	201.04	251.04	871.29	-0.29168	216.58	0.10415	liquid
360.32	0.10000	6.2301	0.16051	-2.8656	-2.8495	-7.7866	201.16	251.18	870.00	-0.29092	216.00	0.10407	liquid
360.64	0.10000	6.2272	0.16059	-2.7867	-2.7706	-7.5677	201.28	251.33	868.71	-0.29017	215.43	0.10398	liquid
360.95	0.10000	6.2242	0.16066	-2.7077	-2.6917	-7.3488	201.41	251.47	867.42	-0.28941	214.85	0.10389	liquid
361.26	0.10000	6.2213	0.16074	-2.6287	-2.6126	-7.1300	201.53	251.61	866.13	-0.28864	214.28	0.10380	liquid
361.58	0.10000	6.2183	0.16082	-2.5497	-2.5336	-6.9113	201.65	251.75	864.84	-0.28788	213.71	0.10372	liquid
361.89	0.10000	6.2153	0.16089	-2.4706	-2.4545	-6.6927	201.77	251.90	863.55	-0.28711	213.14	0.10363	liquid
362.21	0.10000	6.2124	0.16097	-2.3915	-2.3754	-6.4741	201.90	252.04	862.26	-0.28634	212.57	0.10354	liquid
362.52	0.10000	6.2094	0.16105	-2.3123	-2.2962	-6.2555	202.02	252.18	860.97	-0.28557	212.01	0.10345	liquid
362.83	0.10000	6.2064	0.16112	-2.2331	-2.2170	-6.0371	202.14	252.33	859.68	-0.28480	211.44	0.10337	liquid
363.15	0.10000	6.2034	0.16120	-2.1538	-2.1377	-5.8187	202.27	252.47	858.39	-0.28402	210.88	0.10328	liquid
363.46	0.10000	6.2005	0.16128	-2.0745	-2.0584	-5.6004	202.39	252.61	857.10	-0.28324	210.32	0.10319	liquid
363.78	0.10000	6.1975	0.16136	-1.9951	-1.9790	-5.3821	202.51	252.76	855.81	-0.28246	209.77	0.10311	liquid
364.09	0.10000	6.1945	0.16143	-1.9157	-1.8996	-5.1639	202.63	252.90	854.53	-0.28168	209.21	0.10302	liquid
364.40	0.10000	6.1915	0.16151	-1.8363	-1.8201	-4.9458	202.76	253.04	853.24	-0.28089	208.66	0.10293	liquid
364.72	0.10000	6.1885	0.16159	-1.7568	-1.7406	-4.7277	202.88	253.19	851.95	-0.28011	208.11	0.10285	liquid
365.03	0.10000	6.1855	0.16167	-1.6773	-1.6611	-4.5097	203.00	253.33	850.66	-0.27932	207.56	0.10276	liquid
365.35	0.10000	6.1825	0.16175	-1.5977	-1.5815	-4.2918	203.12	253.48	849.37	-0.27853	207.01	0.10267	liquid
365.66	0.10000	6.1795	0.16182	-1.5180	-1.5019	-4.0739	203.25	253.62	848.09	-0.27773	206.46	0.10259	liquid
365.97	0.10000	6.1765	0.16190	-1.4384	-1.4222	-3.8561	203.37	253.76	846.80	-0.27693	205.92	0.10250	liquid
366.29	0.10000	6.1735	0.16198	-1.3587	-1.3425	-3.6383	203.49	253.91	845.51	-0.27614	205.38	0.10241	liquid
366.60	0.10000	6.1705	0.16206	-1.2789	-1.2627	-3.4206	203.62	254.05	844.23	-0.27533	204.84	0.10233	liquid
366.92	0.10000	6.1675	0.16214	-1.1991	-1.1829	-3.2030	203.74	254.20	842.94	-0.27453	204.30	0.10224	liquid
367.23	0.10000	6.1645	0.16222	-1.1192	-1.1030	-2.9854	203.86	254.34	841.65	-0.27372	203.76	0.10215	liquid
367.55	0.10000	6.1615	0.16230	-1.0393	-1.0231	-2.7679	203.98	254.49	840.37	-0.27292	203.22	0.10207	liquid
367.86	0.10000	6.1585	0.16238	-0.95938	-0.94315	-2.5505	204.11	254.63	839.08	-0.27210	202.69	0.10198	liquid
368.17	0.10000	6.1555	0.16246	-0.87939	-0.86315	-2.3331	204.23	254.78	837.80	-0.27129	202.16	0.10189	liquid
368.49	0.10000	6.1525	0.16254	-0.79936	-0.78310	-2.1158	204.35	254.92	836.51	-0.27047	201.63	0.10181	liquid
368.80	0.10000	6.1494	0.16262	-0.71927	-0.70301	-1.8986	204.48	255.07	835.23	-0.26966	201.10	0.10172	liquid
369.12	0.10000	6.1464	0.16270	-0.63915	-0.62288	-1.6814	204.60	255.21	833.94	-0.26883	200.57	0.10164	liquid
369.43	0.10000	6.1434	0.16278	-0.55897	-0.54270	-1.4642	204.72	255.36	832.66	-0.26801	200.05	0.10155	liquid
369.74	0.10000	6.1404	0.16286	-0.47875	-0.46247	-1.2471	204.85	255.51	831.37	-0.26718	199.53	0.10146	liquid
370.06	0.10000	6.1373	0.16294	-0.39849	-0.38220	-1.0301	204.97	255.65	830.09	-0.26635	199.00	0.10138	liquid
370.37	0.10000	6.1343	0.16302	-0.31818	-0.30188	-0.81319	205.09	255.80	828.80	-0.26552	198.48	0.10129	liquid
370.69	0.10000	6.1313	0.16310	-0.23782	-0.22151	-0.59629	205.21	255.94	827.52	-0.26469	197.97	0.10121	liquid
371.00	0.10000	6.1282	0.16318	-0.15742	-0.14110	-0.37946	205.34	256.09	826.24	-0.26385	197.45	0.10112	liquid
